4294967279,125
4294967279,124
4294967278,398
4294967278,58
4294967278,56
4294967278,55
4294967278,54
4294967278,53
4294967278,52
4294967278,51
4294967278,50
4294967278,49
4294967278,47
4294967278,43
4294967278,42
4294967278,41
4294967278,40
4294967278,39
4294967278,38
4294967278,37
4294967278,36
4294967278,35
4294967278,34
4294967278,33
4294967278,32
4294967278,31
4294967278,283
4294967279,529
4294967294,1418
4294967279,262
4294967279,261
4294967278,265
4294967294,397
4294967294,408
4294967294,177
4294967294,178
4294967294,406
4294967294,385
4294967294,919
4294967294,414
4294967294,167
4294967294,409
4294967294,458
4294967294,410
4294967279,275
4294967278,325
4294967279,258
4294967278,264
4294967278,285
4294967279,256
206,5
206,4
206,3
206,2
206,1
4294967279,254
204,6
204,5
204,4
204,3
204,2
204,1
4294967279,334
202,6
202,5
202,4
202,3
202,2
202,1
201,5
201,4
201,3
201,2
201,1
200,5
200,4
200,3
200,2
200,1
199,5
199,4
199,3
199,2
199,1
4294967294,391
4294967294,913
4294967294,170
4294967294,899
198,4
198,3
198,2
198,1
4294967294,396
4294967294,412
4294967294,420
4294967294,443
4294967294,191
4294967294,183
4294967294,456
4294967294,189
4294967294,417
4294967294,451
4294967294,449
4294967294,466
4294967279,328
4294967278,57
4294967278,48
4294967278,46
4294967278,30
4294967278,29
4294967278,28
4294967278,27
4294967278,26
4294967278,25
4294967278,24
4294967278,23
4294967278,22
4294967278,21
4294967278,20
4294967278,19
4294967278,18
4294967278,17
4294967279,260
4294967278,180
4294967279,180
4294967278,179
197,4
4294967279,179
197,3
197,2
197,1
4294967279,559
4294967278,178
4294967278,177
4294967278,376
4294967279,176
4294967279,307
4294967279,306
4294967279,173
4294967279,531
196,6
4294967279,519
4294967294,1420
4294967278,59
4294967278,372
4294967279,518
4294967278,170
4294967279,333
4294967278,169
4294967279,169
4294967278,168
4294967279,168
4294967279,557
4294967279,167
4294967279,166
4294967278,165
4294967279,163
4294967279,165
196,5
4294967278,164
196,4
4294967279,164
196,2
196,1
4294967279,516
4294967279,162
4294967278,161
4294967279,161
4294967278,160
4294967278,299
4294967279,160
4294967279,159
4294967278,44
4294967278,156
4294967279,158
4294967278,45
4294967278,397
4294967278,331
194,6
4294967279,153
4294967278,155
4294967279,556
4294967279,300
194,5
4294967279,152
4294967279,151
194,4
194,3
194,2
194,1
4294967278,295
4294967279,150
4294967279,149
4294967294,182
4294967294,961
4294967294,911
4294967294,962
4294967279,148
4294967278,307
193,5
4294967279,145
193,4
4294967279,144
193,3
193,2
193,1
4294967279,287
4294967279,143
4294967279,298
4294967279,139
4294967279,297
4294967279,296
192,5
4294967279,138
4294967279,272
192,4
192,3
192,2
192,1
4294967278,290
4294967279,136
4294967279,135
4294967279,134
4294967278,327
191,5
4294967279,270
191,4
4294967279,282
191,3
191,2
191,1
4294967279,266
4294967279,279
4294967279,280
4294967279,277
4294967279,265
190,4
190,3
190,2
190,1
4294967278,268
4294967279,326
4294967278,401
4294967279,273
4294967279,259
4294967278,261
4294967278,396
4294967279,332
4294967278,63
4294967278,62
4294967278,61
4294967278,60
4294967279,89
4294967279,85
4294967279,84
4294967279,82
4294967279,81
4294967279,79
4294967279,523
4294967279,76
4294967279,75
4294967279,522
4294967279,521
4294967279,73
4294967279,532
4294967279,70
4294967279,69
4294967279,67
4294967279,66
4294967279,65
4294967279,64
4294967279,63
4294967279,61
4294967279,60
4294967279,57
4294967279,54
4294967279,53
4294967279,51
4294967279,49
4294967279,48
4294967279,47
4294967279,46
4294967279,44
4294967279,43
4294967279,42
4294967279,41
4294967279,39
4294967279,37
4294967279,36
4294967279,34
4294967279,33
4294967279,32
4294967279,31
4294967279,30
4294967279,26
4294967279,25
4294967279,23
4294967279,22
4294967279,17
4294967279,15
4294967279,13
4294967279,12
4294967279,9
4294967278,259
4294967278,258
4294967278,257
189,4
189,3
189,2
189,1
4294967279,331
4294967278,384
4294967279,549
4294967278,363
4294967278,361
4294967294,387
4294967279,546
4294967278,389
4294967279,545
4294967279,325
4294967278,359
188,6
4294967278,388
4294967278,358
4294967278,356
4294967279,330
4294967278,253
4294967278,250
4294967278,251
4294967279,329
4294967279,540
4294967279,0
4294967278,248
4294967278,244
188,5
4294967278,242
188,4
188,2
188,1
4294967279,240
4294967278,240
4294967278,237
4294967278,236
4294967278,235
4294967278,234
4294967294,403
4294967294,467
4294967294,401
4294967294,109
4294967278,228
4294967279,232
4294967278,231
4294967278,229
4294967279,229
186,6
4294967294,471
4294967278,226
4294967278,227
4294967279,224
4294967278,224
186,5
4294967278,220
186,4
4294967278,218
186,3
186,2
186,1
4294967278,217
4294967278,216
4294967278,212
4294967279,214
4294967278,354
4294967278,353
4294967279,213
185,5
4294967278,211
4294967278,210
185,4
185,3
185,2
185,1
4294967278,209
4294967279,209
4294967278,381
4294967279,566
4294967278,207
4294967278,206
4294967278,324
4294967279,317
4294967278,205
184,5
4294967278,203
184,4
4294967278,202
184,3
184,2
184,1
4294967278,320
4294967278,201
4294967278,198
4294967279,525
4294967278,342
4294967278,318
4294967279,199
183,5
4294967278,197
4294967278,196
183,4
4294967279,196
183,3
183,2
183,1
4294967279,535
4294967278,195
4294967294,468
4294967279,195
4294967279,193
